SM:2021-06-16T14:02:10.7821935Z
LM:2021-06-16T14:02:11.1452847Z
CT:image/jpeg
MA:2592000
