SM:2021-06-17T13:09:55.5663466Z
LM:2021-06-17T13:09:56.2546357Z
CT:image/png
MA:2592000
